array([60234323., 60234509., 60234602., 60234690., 60235295., 60235388.,

       60310748., 60311087., 60311534., 60316423., 60338286., 60338547.,

       60339342., 60353288., 60353568., 60355466., 60356178., 60365338.,

       60365524., 60367208., 60367301., 60367488., 60990802., 60996233.,

       60996326., 61259442., 61269507., 61271209., 61271581., 61271670.,

       61748720., 61748813., 61752021., 61752208., 61752394., 61753105.,

       61753198., 61755924., 61756273., 61756738., 61756831., 61757170.,

       61757254., 61757347., 61757440., 61769887., 61770132., 61770225.,

       61770411., 61770598., 61879165., 61879249., 61879426., 61879519.,

       61880854., 61886891., 61887053., 61887137., 61887230., 61888370.,

       61890239., 61890612., 61892742., 61895146., 61895239., 62584547.,

       62584639., 62586639., 62586732., 62800927., 62801172., 62804321.,

       62812051., 62813661., 64150406., 64150499., 64150593., 64150863.,

       64293399., 64296259., 64296352., 64315921., 64316362., 64322437.,

       64322530., 65719397., 65719583., 65719677., 65764420., 65764514.,

       65771386., 65771572., 65774163., 65776061., 65776154., 65776341.,

       65776527., 65776611., 65776704., 65776797., 65776890., 65777052.,

       65876194., 65876464., 65941889., 65942237., 65971839., 65972000.,

       65972187., 65978054., 65978240., 65978333., 65978612., 66033906.,

       66034068., 66034347., 66034533., 66470223., 66470317., 66470410.,

       66490521., 66490609., 66507609., 66507875., 66508037., 67169144.,

       67169605., 67169777., 67169870., 67170032., 67185405., 67220014.,

       67851320., 67851870., 68257086., 68257179., 68267217., 68267394.,

       68277330., 68277414., 68278302., 68279181., 68279367., 68280889.,

       68284098., 68284191., 68284377., 68286769., 69005002., 69005096.,

       69005468., 69005561., 69010049., 69010328., 69010515., 69010794.,

       69011235., 69011422., 69011795., 69013133., 69460162., 69460348.,
       
       69460441., 69460628., 69460897., 69462236., 69462329.])